m100000,1443001,1443001,1443001,1443001
m100001,8723,19040,28789,18506
m100002,9606,5353,21556,4434
m100003,1443001,1443001,1443001,1443001
m100004,24396,9289,13017,8800
m100005,22733,38129,20045,41525
m100006,79872,59462,214790,158190
m100007,19856,17644,16899,16099
m100008,1072,16806,2538,18506
m100009,14637,113975,43679,109434
m100010,1443001,1443001,1443001,1443001
m100011,49355,88137,14466,126657
m100012,47411,69565,7061,73187
m100013,1443001,1443001,1443001,1443001
m100014,1443001,1443001,1443001,1443001
m100015,129231,126680,116094,127822
m100016,79129,34583,62244,80222
m100017,7908,14018,20024,9126
m100018,56895,116430,55248,35540
m100019,6228,25705,79551,13815
m100020,6738,13113,23361,24583
m100021,11170,29100,84657,39519
m100022,154932,64241,93402,83887
m100023,1443001,1443001,1443001,1443001
m100024,22733,42389,42703,57432
m100025,136320,125150,157778,99228
m100026,156561,41613,88482,104636
m100027,24030,116384,74337,103726
m100028,156561,41613,88482,104636
m100029,194763,97710,200058,128777
m100030,13295,25375,21071,17924
m100031,105300,116027,161988,136231
m100032,44664,37739,50697,31888
m100033,1443001,1443001,1443001,1443001
m100034,196959,109553,85388,112899
m100035,104103,179633,55937,108780
m100036,105204,169640,125202,129898
m100037,117065,108710,68670,31289
m100038,21304,15019,17499,35450
m100039,7180,9654,21960,17518
m100040,31363,76895,66395,103402
m100041,18287,13750,20257,51338
m100042,145359,128708,152613,200518
m100043,28803,19770,20926,3466
m100044,9779,69161,67713,31610
m100045,29974,12758,10749,13053
m100046,55867,21204,63189,78260
m100047,74925,176679,143085,159596
m100048,52881,30317,66293,35385
m100049,8681,121410,23646,86205
m100050,32802,43761,27631,15640
m100051,4551,3560,18452,4076
m100052,36325,10094,23787,8133
m100053,171633,124649,225063,132157
m100054,1443001,1443001,1443001,1443001
m100055,36078,45680,15711,22279
m100056,92532,19883,37490,106184
m100057,10689,23162,21585,28024
m100058,51345,25140,13767,72197
m100059,18786,8579,2914,38999
m100060,127249,62938,51738,101780
m100061,96548,36421,88213,74015
m100062,8474,13155,8695,23105
m100063,38677,5723,5750,19835
m100064,1443001,1443001,1443001,1443001
m100065,13783,17503,30364,27788
m100066,17822,27978,5198,10020
m100067,20634,117667,94177,57437
m100068,136239,67532,99120,120751
m100069,8279,17149,13029,3879
m100070,16596,14970,4915,20791
m100071,43894,28476,29582,39517
m100072,22250,17676,3825,24520
m100073,3101,75955,11501,50800
m100074,194112,79658,166578,162763
m100075,22090,49324,59489,45181
m100076,1443001,1443001,1443001,1443001
m100077,12872,51549,29332,29531
m100078,1443001,1443001,1443001,1443001
m100079,2460,97088,53772,22909
m100080,2025,8392,6818,5053
m100081,19369,25813,30049,43025
m100082,23219,4240,37678,38742
m100083,5582,51427,30648,75236
m100084,97140,30648,108087,190856
m100085,58698,17982,48106,35462
m100086,97038,147761,161450,171051
m100087,194763,97710,200058,128777
m100088,1443001,1443001,1443001,1443001
m100089,143505,163877,59378,150009
m100090,91242,86657,67884,27031
m100091,30613,70592,46800,46827
m100092,31722,11484,21582,11257
m100093,1443001,1443001,1443001,1443001
m100094,2467,9204,19089,2179
m100095,46966,31669,35883,70489
m100096,20297,11960,36634,25090
m100097,1575,12289,13880,9084
m100098,11579,18674,29071,33192
m100099,1514,8383,6058,5375
