m100000,53256,6811,23798,28515
m100001,147816,72265,73843,79449
m100002,1729,3854,6044,14172
m100003,14629,14169,40399,32149
m100004,12014,12086,8515,14727
m100005,26676,145451,252115,175695
m100006,9158,15554,25915,18439
m100007,13628,1365,22541,4983
m100008,11232,10422,26505,15585
m100009,42123,30593,88726,47898
m100010,56012,24066,98052,51187
m100011,5218,17442,9236,23040
m100012,10480,1436,13376,7330
m100013,213943,46303,85605,85450
m100014,135552,34459,70319,43320
m100015,157668,117962,84175,137355
m100016,111315,27972,43901,30829
m100017,117639,60469,27329,15207
m100018,73840,19507,119853,125689
m100019,84806,20816,59036,40811
m100020,4220,5812,33124,32064
m100021,37113,9436,36737,32043
m100022,211875,102697,161381,106845
m100023,113299,36379,53034,85450
m100024,11489,4584,21286,14089
m100025,8524,5573,34874,7758
m100026,157585,41757,32111,56422
m100027,32159,19744,30198,42711
m100028,214869,79429,100808,238194
m100029,1443001,1443001,1443001,1443001
m100030,18348,6140,6517,18022
m100031,22881,13309,15769,4306
m100032,40433,30273,9846,76263
m100033,32980,20496,16813,14106
m100034,146440,145273,57678,92866
m100035,28168,46711,18753,25630
m100036,19552,11231,30044,13353
m100037,1443001,1443001,1443001,1443001
m100038,46237,78049,65624,17040
m100039,5906,3927,5846,8613
m100040,67172,18486,17961,24203
m100041,3496,9227,12334,5187
m100042,152154,23966,47665,50222
m100043,6381,4843,6897,4149
m100044,11235,16225,3855,8885
m100045,34224,9286,14602,12696
m100046,54427,7377,37600,21062
m100047,1443001,1443001,1443001,1443001
m100048,18606,62975,21979,23109
m100049,95635,72283,188742,196345
m100050,5346,10217,5072,4356
m100051,5695,1934,3068,4000
m100052,4827,7780,7066,10180
m100053,134232,254824,234932,76263
m100054,1443001,1443001,1443001,1443001
m100055,32663,5529,2199,3770
m100056,71688,65830,26908,66220
m100057,21047,4160,8909,1263
m100058,19948,6158,15779,13372
m100059,24999,29684,6210,15924
m100060,27681,65782,43454,64125
m100061,1443001,1443001,1443001,1443001
m100062,35826,8054,9531,11422
m100063,7953,8035,2136,1995
m100064,84594,121201,155309,75135
m100065,43641,31938,106998,118671
m100066,21139,7786,15359,17032
m100067,20549,1493,54934,13675
m100068,18940,15973,9377,21793
m100069,3195,5639,2612,4532
m100070,1443001,1443001,1443001,1443001
m100071,56481,19259,71738,28647
m100072,5993,27250,55758,14613
m100073,2972,3212,8544,6381
m100074,104899,34963,47745,42259
m100075,40873,67521,36495,53185
m100076,1443001,1443001,1443001,1443001
m100077,47661,20792,66136,20541
m100078,1443001,1443001,1443001,1443001
m100079,28311,12663,61950,90620
m100080,13666,5068,76437,9133
m100081,3393,11559,16162,8907
m100082,47049,49778,102691,12285
m100083,6585,24048,22429,30350
m100084,1443001,1443001,1443001,1443001
m100085,73047,19419,114083,80646
m100086,7338,11437,11322,25287
m100087,91199,172126,39294,23303
m100088,199302,93001,187259,69630
m100089,61399,17968,41841,33026
m100090,40927,22223,18918,24057
m100091,34990,45099,55706,79687
m100092,39120,100978,73103,18528
m100093,11298,10459,23615,38283
m100094,3579,3488,2066,12462
m100095,84183,65809,101765,57894
m100096,11701,9098,22973,7339
m100097,7795,8182,7332,14529
m100098,16581,101260,29786,15444
m100099,33546,31405,16801,25441
m100100,41917,49778,121217,25278
m100101,208743,160754,49387,242655
m100102,9817,5778,14743,5551
m100103,2584,10011,1927,3467
m100104,120205,110974,206415,251173
m100105,1443001,1443001,1443001,1443001
m100106,51297,17984,26475,17489
m100107,4723,6703,15433,7581
m100108,54999,122674,128225,49503
m100109,21009,18386,38851,12294
m100110,9602,22262,3685,10355
m100111,16756,1072,10151,5246
m100112,6592,2541,3839,13432
m100113,20995,9500,40661,12925
m100114,25281,46909,71812,105856
m100115,18509,60486,34960,99783
m100116,40428,12865,38625,11170
m100117,17451,5332,40397,38571
m100118,28366,7821,18220,14806
m100119,7024,5929,2265,8451
m100120,1443001,1443001,1443001,1443001
m100121,75803,77510,69591,112632
m100122,10095,4804,2729,4853
m100123,27273,11668,63012,8346
m100124,25831,17331,9140,53845
m100125,28460,15644,53217,45832
m100126,9898,2485,3521,7392
m100127,34204,22640,26183,19141
m100128,33223,13634,22674,17736
m100129,22977,17660,160278,49605
m100130,78321,36084,44094,38292
m100131,34917,8287,37442,15568
m100132,1443001,1443001,1443001,1443001
m100133,29902,23320,11345,28101
m100134,1443001,1443001,1443001,1443001
m100135,31422,38713,9180,22885
m100136,121285,90773,19377,68568
m100137,146611,83140,174528,262228
m100138,6554,22192,10274,1824
m100139,1443001,1443001,1443001,1443001
m100140,3966,601,1661,7469
m100141,100641,48963,77636,77615
m100142,211875,102697,161381,106845
m100143,3312,12042,16409,44219
m100144,80170,53872,101502,89875
m100145,94327,156037,114669,96949
m100146,15385,18736,38714,12369
m100147,19662,6967,8804,10457
m100148,67789,66967,76923,103009
m100149,34434,27834,101046,39537
m100150,42123,30593,69349,35248
m100151,71152,11922,32689,30713
m100152,23818,9008,7055,25205
m100153,1443001,1443001,1443001,1443001
m100154,16864,12614,57608,5764
m100155,40674,29692,19673,9602
m100156,1443001,1443001,1443001,1443001
m100157,28041,68085,5715,26584
m100158,1443001,1443001,1443001,1443001
m100159,135915,124969,168404,111279
m100160,15036,5627,10008,11156
m100161,234516,149836,164504,149523
m100162,2940,7661,20026,8661
m100163,22306,34594,7539,7688
m100164,30225,5576,11708,18209
m100165,4551,9578,13718,10755
m100166,13657,5261,14304,3189
m100167,2701,8270,5845,5395
m100168,26676,145451,252115,175695
m100169,11711,4934,9889,3157
m100170,42262,57638,33674,25788
m100171,10203,2164,3620,5892
m100172,135915,124969,168404,111279
m100173,1443001,1443001,1443001,1443001
m100174,2940,10406,29118,8382
m100175,30641,11886,33008,41315
m100176,63527,13676,28971,57936
m100177,224644,200311,194085,88486
m100178,1443001,1443001,1443001,1443001
m100179,86541,54647,20638,63690
m100180,35401,22873,32521,18297
m100181,26940,40053,26507,101216
m100182,179184,49778,164299,66537
m100183,27394,7338,34821,20150
m100184,4550,2216,1645,4005
m100185,1491,4784,3748,12013
m100186,14569,14085,23585,93302
m100187,19483,1298,3919,7124
m100188,137523,184343,82300,120408
m100189,25281,46909,71812,105856
m100190,106132,151597,123708,154822
m100191,45168,47231,87499,18603
m100192,3226,5479,11374,3972
m100193,1443001,1443001,1443001,1443001
m100194,73557,52987,22241,30248
m100195,113299,36379,53034,85450
m100196,25390,31968,114792,113638
m100197,3922,3260,4913,8339
m100198,234516,149836,164504,149523
m100199,77546,20327,111498,49573
